2.107567975602842036e+00
2.123573698935737220e+00
2.122105111260811583e+00
2.117439163153121306e+00
2.120682217224960642e+00
2.113925574895676895e+00
2.118956266859584048e+00
2.123753194605133565e+00
2.118840846252445953e+00
2.120117735486228838e+00
2.115759792421853192e+00
2.105649641363779523e+00
2.119084287267785527e+00
2.128992568738354407e+00
2.110449188342208515e+00
2.114201811877121973e+00
2.120720628476648884e+00
2.101655786180828933e+00
2.117079643205522999e+00
2.129887709438492482e+00
2.103293871072342558e+00
2.107088926423248409e+00
2.121174933896374348e+00
2.107715979006611562e+00
2.114475958423835955e+00
2.125799868602824549e+00
2.106912972746511237e+00
2.107716625667866772e+00
2.128225189861884026e+00
2.108810641487205650e+00
2.104783897506844248e+00
2.130025373211910544e+00
2.112759752632711763e+00
2.106864266106261763e+00
2.126843457181855523e+00
2.112076987873892975e+00
8.255430594972137825e+00
8.270850725223374056e+00
8.302916577810186993e+00
8.275268778062798702e+00
8.256910358457256294e+00
8.282307948979259038e+00
8.243196162555763706e+00
8.255790236361777445e+00
8.268627381047581437e+00
8.256558850260947935e+00
8.294724423445680728e+00
8.264364829449048599e+00
8.254012781891928441e+00
8.290436319966705270e+00
8.277217400375274536e+00
8.253933580677367488e+00
8.283409893346249220e+00
8.239506077065387402e+00
8.243260501957731634e+00
8.283520506149004703e+00
8.237897889350881186e+00
8.261595109484622057e+00
8.282318679040010068e+00
8.231050859893386473e+00
8.264762018584407954e+00
8.286268375771287609e+00
8.253325512140188280e+00
8.232668837400805018e+00
8.256938913707873695e+00
8.258623345858964626e+00
8.238457863665615832e+00
8.270942724921599876e+00
8.284057470937545631e+00
8.245526081616752379e+00
8.261123254592327214e+00
8.278318380011457478e+00
-2.348510296921661744e-02
-2.700449428428792695e-02
-1.451983244667958209e-02
-2.563323682357518396e-02
-2.424906631082863681e-02
-1.199415400122165118e-02
-2.684404812783199729e-02
-2.791310109588727995e-02
-2.060256836132797961e-02
-2.449273974042780883e-02
-2.104872456391482585e-02
-1.445322283445022067e-02
-2.225474011066748414e-02
-2.370794743930796158e-02
-1.991344022018819507e-02
-2.078351521441628921e-02
-1.879534666968260201e-02
-2.073607833520461213e-02
-2.596155657995291230e-02
-2.174387275316249507e-02
-2.259743649071030425e-02
-2.156838358897214189e-02
-2.069659064153121092e-02
-2.057529319605713031e-02
-2.383042656891600289e-02
-2.445528370710901844e-02
-1.780520245665578871e-02
-2.488599520227368841e-02
-2.671267279430092345e-02
-1.623957118230545324e-02
-2.278879970234931260e-02
-2.569402999699737719e-02
-1.576000991990775604e-02
-2.964365457576645727e-02
-2.724686982569374596e-02
-1.521223183125542527e-02
-9.797194069892437573e-01
-9.686581545184682618e-01
-9.658068174408627193e-01
-9.772907864721039894e-01
-9.724817790597057865e-01
-9.728527855236304145e-01
-9.838143615859314961e-01
-9.796838431000649550e-01
-9.755528476003256788e-01
-9.780446384040163421e-01
-9.722196642416633949e-01
-9.734115940029636205e-01
-9.736324490702967793e-01
-9.714252975851137561e-01
-9.751497806837392535e-01
-9.688088269565180433e-01
-9.736385777849059231e-01
-9.783324420645136410e-01
-9.757394916899012616e-01
-9.714828562092258091e-01
-9.824100265580374414e-01
-9.743483633490028772e-01
-9.721895265101535566e-01
-9.772664584259050935e-01
-9.756683040228892878e-01
-9.718444178435824421e-01
-9.738490080767177037e-01
-9.777958823218042550e-01
-9.768599054247953939e-01
-9.762820277778468947e-01
-9.745935327087547062e-01
-9.742773105982309723e-01
-9.784313794049136481e-01
-9.815544895990475638e-01
-9.778561063925833574e-01
-9.762113906602719604e-01
4.434547722786968404e-01
2.183763951141216575e-01
5.996957156450884174e-02
-2.783000876569918791e-02
-5.367213425591975395e-02
-2.258798427373337817e-02
6.799196787525660368e-02
2.186094135316370424e-01
4.127926919269332973e-01
