2.551060032533722044e+00
2.552304771211665990e+00
2.597473361518887192e+00
2.535516312158290209e+00
2.546977233152473374e+00
2.596619013649419827e+00
2.552621426576064501e+00
2.544072252477848295e+00
1.253108818429158156e+01
8.622218672202847101e-01
-5.562532313385969651e+00
-2.838314572017450743e+00
9.236304299660922368e-01
2.591983105569326984e+00
1.551252558386331692e+00
-1.077697170643124425e+00
1.243280154070808941e+01
1.010422292064246275e+00
-5.489669949241505087e+00
-2.800060962405004794e+00
9.700582797957122416e-01
2.529916571677443216e+00
1.666713755191848945e+00
1.257200239757352200e+01
9.561004954463721006e-01
-5.455100394805025843e+00
-2.806485748128406676e+00
9.197555069140068706e-01
2.547708622488988439e+00
1.247992424268033140e+01
9.728685850279734648e-01
-5.514997786332502372e+00
-2.843847879567039882e+00
7.882141075155126853e-01
1.244662245746172147e+01
1.031955123086146120e+00
-5.474063110708349278e+00
-2.786069292674978382e+00
1.256275201431813038e+01
9.168912183529178694e-01
-5.424767310779118112e+00
1.253353454679118073e+01
9.967849363653183969e-01
1.237928069101724304e+01
